157	159	160	161	162	163	164	165	166	167
241	243	244	245	246	247	248	249	250	251
169	171	172	173	174	175	176	177
216	218	227	229	230	231	232	233
48	54	55	56	57	76	78
63	65	66	67	68	69	70
93	95	96	97	98	99
125	126	127	128	129	130
188	190	192	193	191	199
292	294	295	296	297	298
20	21	37	43	45
26	27	28	29	30
31	33	34	35	36
49	51	52	53	75
58	60	61	71	72
113	114	115	116	117
178	180	181	182	183
221	223	224	225	226
314	316	317	318	319
320	326	327	328	329
321	322	323	324	325
15	17	18	19
38	40	41	42
80	81	82	83
89	90	91	92
103	104	105	106
107	109	110	111
151	153	154	155
134	136	137	138
142	144	145	146
194	196	197	198
205	207	208	209
212	237	238	239
252	266	283	284
285	287	288	289
259	261	262	263
267	268	269	270
271	273	274	275
310	311	312	313
0	210	211
2	4	5
6	8	9
10	12	13
44	122	123
77	303	304
85	87	88
100	101	102
119	121	124
139	140	141
147	149	150
185	186	187
200	202	203
234	235	236
254	264	265
255	257	258
276	277	278
279	281	282
300	301	302
305	306	307
22	23
24	25
46	204
47	84
73	74
131	133
156	168
214	215
219	220
240	299
290	291
308	309
1
14
79
112
118
